7.10
22.18
12.73
4.07
47.17
26.04
15.32
5.92
27.87
10.07
64.29
6.56
9.50
4.20
28.42
5.92
5.74
12.35
7.41
6.84
0.77
8.16
20.78
7.15
32.74
5.78
69.40
13.99
71.14
10.16
32.01
16.79
16.63
19.80
7.59
20.60
14.51
16.64
26.24
6.67
4.99
30.84
15.87
2.81
5.50
9.71
5.00
9.19
14.63
7.24
10.60
26.91
29.25
18.20
4.02
10.92
18.29
9.54
32.70
12.09
5.89
4.65
6.10
116.75
32.33
17.68
11.60
29.42
10.00
6.56
13.73
6.24
12.54
4.27
8.78
48.52
122.39
4.43
19.10
6.40
4.70
2.59
5.23
14.46
4.77
23.46
9.70
11.79
9.24
7.76
37.31
4.08
16.47
4.52
2.58
17.25
10.08
18.84
3.08
17.59
21.91
9.03
10.98
2.68
4.37
12.67
23.93
4.70
3.45
7.17
3.93
9.69
10.60
3.81
3.13
3.51
124.20
6.60
1.03
22.52
12.77
5.49
6.83
12.45
14.32
26.66
10.91
3.27
2.70
15.84
17.36
7.00
2.62
18.42
74.43
8.75
6.47
10.59
26.80
38.83
6.59
6.39
5.88
17.62
9.35
11.63
12.44
2.91
5.30
3.03
19.11
11.41
10.53
2.69
20.23
3.20
11.39
2.38
17.31
8.31
11.46
12.31
4.53
13.40
9.57
6.40
11.78
25.02
3.11
5.83
15.90
2.57
14.78
15.74
9.79
5.70
3.27
6.96
9.28
17.88
14.25
45.45
3.50
24.49
13.30
57.51
3.60
19.26
3.86
7.96
9.37
6.30
9.88
5.57
78.27
5.50
11.76
103.40
4.27
11.41
5.46
7.75
1.81
5.06
3.92
29.30
38.51
11.90
4.12
3.30
5.62
6.67
18.71
3.77
7.91
8.37
59.89
9.70
2.28
4.76
11.51
12.68
5.31
7.86
15.29
4.29
4.00
2.88
4.04
16.22
7.61
5.80
13.56
15.33
13.63
6.46
19.46
12.91
2.82
8.48
5.76
8.15
19.13
30.45
12.87
9.48
9.96
61.48
11.41
10.64
6.83
3.05
16.13
3.99
7.97
4.67
15.51
8.84
6.33
4.23
9.84
7.39
33.51
3.94
12.15
4.55
8.50
7.55
5.68
6.73
15.39
7.47
24.99
3.75
6.03
12.73
45.77
6.02
8.91
19.27
2.71
6.23
3.73
12.51
3.05
28.50
7.66
19.45
38.03
1.26
10.21
10.40
9.15
6.77
19.31
6.13
3.38
4.67
40.94
8.39
2.83
25.04
5.56
4.65
3.12
8.72
8.78
11.75
7.43
12.31
6.19
21.80
4.22
14.83
14.09
12.15
7.03
1.18
0.79
12.32
7.38
9.68
8.83
13.20
11.92
7.81
7.79
17.50
7.29
3.30
14.05
4.81
9.90
3.12
1.32
5.27
8.62
9.26
8.69
5.67
7.77
6.91
15.70
6.54
4.97
8.82
15.38
9.94
19.52
8.43
3.42
6.48
4.46
13.86
4.12
3.75
6.06
4.55
2.53
8.33
7.80
3.44
5.83
10.96
5.99
4.50
4.96
13.80
1.80
7.11
13.12
5.00
4.52
4.64
5.55
11.28
5.79
3.78
5.99
6.51
7.68
5.47
21.38
5.90
29.06
15.65
5.10
5.94
6.60
7.26
23.32
18.62
11.13
5.40
2.53
19.92
12.67
6.20
17.27
8.53
3.58
2.52
8.70
4.53
9.37
1.45
4.37
12.23
24.84
6.05
3.79
24.92
4.32
12.43
6.31
22.22
8.03
28.14
6.83
7.93
4.81
4.86
38.62
20.31
5.76
23.39
1.31
2.35
4.31
12.35
14.29
5.93
10.28
9.29
7.95
4.19
7.49
10.25
4.72
6.07
18.35
4.83
4.61
5.15
9.68
7.42
2.58
1.54
17.81
6.91
24.90
5.98
8.80
4.69
13.35
4.51
4.30
3.92
14.62
12.55
6.43
8.77
6.03
6.75
11.48
5.96
3.99
5.88
6.02
6.35
6.53
18.91
5.92
8.68
28.29
3.43
36.23
6.47
4.36
7.42
6.14
21.69
8.97
3.23
4.88
3.84
10.42
7.22
4.84
8.60
8.78
7.91
12.58
2.25
4.57
7.50
5.32
24.59
5.95
7.28
10.20
3.27
4.65
3.24
19.54
2.78
17.30
7.56
2.65
7.17
7.22
6.20
11.68
2.46
4.47
12.17
10.30
12.65
2.77
9.24
11.03
6.38
3.65
6.10
7.46
6.09
3.73
6.05
14.68
10.16
12.68
16.76
1.36
36.17
12.71
4.41
3.79
5.11
10.36
6.10
9.06
18.78
27.01
3.93
5.02
14.11
11.63
17.18
8.98
6.24
16.48
1.91
6.67
2.85
6.38
5.86
19.20
3.46
6.63
6.34
6.54
4.53
9.21
3.72
21.74
3.79
7.83
2.96
1.09
5.81
3.63
6.61
15.93
2.55
6.84
9.27
14.60
8.27
14.93
7.84
9.78
7.60
13.38
7.85
8.02
4.33
9.96
5.98
7.73
11.78
5.68
3.79
7.91
8.30
2.42
1.71
8.89
12.80
3.79
26.04
8.64
5.80
3.69
4.42
4.54
5.46
5.66
7.70
7.04
2.22
7.48
5.04
4.35
2.85
3.24
5.57
5.84
4.35
3.68
6.15
7.04
7.84
5.26
2.87
6.82
3.57
4.88
6.74
6.73
8.54
7.77
4.47
8.77
8.12
3.59
4.42
2.31
10.84
11.14
11.14
6.45
7.65
2.79
10.15
4.36
5.91
7.39
20.91
6.11
11.03
5.69
12.87
6.81
6.17
12.30
7.83
13.20
1.34
5.56
8.90
10.60
7.44
3.27
9.06
3.63
4.87
10.59
4.19
2.48
2.77
7.43
3.71
6.39
6.58
3.67
4.44
3.61
7.68
4.93
18.20
9.09
6.72
5.67
1.49
8.45
8.15
4.20
24.61
2.97
5.57
22.66
4.01
19.46
8.16
4.98
7.27
9.54
3.26
5.34
4.56
5.59
4.83
5.36
6.44
0.76
3.73
13.82
7.49
5.55
5.62
4.41
5.86
13.53
3.98
3.16
12.77
5.16
10.95
6.94
13.21
3.13
7.62
14.76
4.15
11.20
5.39
4.71
1.98
2.22
5.73
6.65
6.77
3.68
4.93
10.47
5.42
5.98
2.36
3.14
2.96
7.26
28.63
6.67
9.08
5.86
9.56
6.46
2.52
7.16
6.42
7.29
14.97
3.08
4.58
2.54
6.65
5.10
17.96
4.07
6.31
9.09
4.03
7.65
6.99
3.10
4.65
4.09
5.65
16.43
3.22
5.59
3.28
5.60
3.98
11.64
2.36
4.18
0.52
3.79
9.18
4.67
7.25
2.20
6.41
3.38
4.36
4.54
9.26
3.11
5.55
3.80
6.93
5.54
5.08
19.19
5.59
7.42
8.35
5.91
5.58
10.90
12.56
5.71
4.71
5.09
0.90
13.22
2.10
3.07
5.41
3.11
5.32
1.83
3.78
4.19
3.11
12.31
2.38
3.54
5.27
3.45
12.58
4.87
7.65
2.45
3.53
4.66
13.47
14.86
3.02
2.94
3.13
4.72
3.05
8.63
3.51
3.74
6.51
4.38
1.82
4.15
2.94
12.58
8.90
0.89
2.13
7.39
2.36
4.21
3.67
2.39
11.62
2.60
4.50
0.83
9.34
6.28
2.29
0.43
1.68
